1	2.4.1.-2.4.1:10
2	2.4.1.-:66
3	2.4.1.-:246
4	
5	2.4.1.-:70
6	
7	
8	
9	2.4.1.-:71
10	
11	
12	2.4.1.342:60, 2.4.1.21:49
13	
14	2.4.1.-:67
15	
16	2.4.1.-:56, 2.4.1.-2.4.1:11
17	2.4.1.-:87
18	2.4.1.-:62
19	2.4.1.57:185
20	
21	
22	2.4.1.-:77
23	2.4.1.13:2465
24	2.4.1.-:140
25	2.4.1.-:106
26	2.4.1.-:70
27	2.4.1.208:12
28	2.4.1.56:70, 2.4.1.-:80
29	
30	
31	
32	
33	
34	
35	2.4.1.-:138
36	
37	
38	
39	
40	2.4.1.-:26
41	
42	
43	2.4.1.-:70
44	2.4.1.-:70
45	
46	
47	
48	
49	
50	
51	
52	
53	
54	
55	
56	
57	
58	
59	
60	
61	
62	
63	
64	
65	2.4.1.-:70
66	
67	
68	
69	
70	
71	
72	
73	2.4.1.-:11
74	
75	
76	
77	
78	
79	
80	
81	
82	
83	
84	
85	
86	
87	
88	
89	
90	
91	
92	
93	
94	
95	
96	2.4.1.-:62
97	
98	
99	2.4.1.-:64
100	
101	
102	
103	
104	
105	
106	
107	
108	
109	2.4.1.131:51
110	
111	
112	
113	
114	
115	
116	
117	
118	
119	
120	
121	
122	
123	
124	
125	
126	
127	
128	
129	
130	
131	
132	
133	2.4.1.14:831, 2.4.1.13:53
134	
135	
136	
137	
138	
139	
140	
141	
142	
143	2.4.1.252:146
144	2.4.1.-:66
145	2.4.1.257:82, 2.4.1.132:82
146	
147	
148	
149	
150	
151	
152	2.4.1.-:140
153	
154	
155	
156	
157	
158	
159	
160	
161	
162	
163	2.4.1.-:70
164	
165	
166	
167	
168	
169	2.4.1.198:136
170	
171	
172	
173	
174	
175	
176	
177	
178	
179	
180	
181	
182	
183	
184	
185	
186	
187	
188	
189	
190	
191	
192	
193	
194	
195	
196	
197	
198	2.4.1.-:68
199	
