1	2.4.1.-:475
2	2.4.1.16:263
3	2.4.1.-:113
4	2.4.1.-:70
5	2.4.1.12:287
6	2.4.2.-:70
7	
8	2.4.1.-:154
9	2.4.1.16:765
10	
11	
12	
13	2.4.1.-:252
14	
15	
16	2.4.1.-:72
17	2.4.1.-:140
18	
19	
20	
21	2.4.1.-:43
22	
23	
24	2.4.1.12:87
25	
26	
27	
28	
29	
30	
31	
32	2.4.1.12:20
33	
34	
35	
36	
37	2.4.1.12:518, 2.4.1.-:78
38	
39	
40	
41	
42	
43	
44	
45	2.4.1.-2.4.1:70, 2.4.1.-:132
46	
47	
48	2.4.1.-2.4.1:65
49	
50	
51	
52	
53	
54	
55	2.4.1.83:53
56	
57	
58	
59	
60	
61	
62	
63	
64	
65	
66	2.4.1.-:68
67	
68	2.4.1.288:69
69	
70	
71	
72	
73	
74	2.4.1.-:385
75	
76	
77	
78	
79	
80	
81	
82	2.4.1.289:188
83	2.4.1.-:26
84	
85	
86	
87	
88	
89	
90	
91	
92	
93	
94	
95	
96	
97	
98	2.4.1.287:114
99	
100	2.4.1.33:70
101	
102	
103	
104	
105	
106	
107	
108	
109	
110	
111	
112	
113	
114	
115	
116	
117	
118	
119	
120	
121	
122	2.4.1.83:37
123	
124	
125	2.4.1.-:70
126	
127	
128	
129	
130	
131	
132	2.4.1.-:64
133	
134	2.4.1.-:37
135	
136	
137	
138	
139	
140	
141	
142	2.4.1.-:42
143	
144	
145	
146	
147	
148	2.4.1.-:108
149	
150	
151	
152	
153	
154	
155	2.4.1.-:70
156	
157	
158	
159	
160	
161	2.4.1.16:584
162	
163	
164	
165	
166	
167	
168	
169	
170	
171	
172	
173	
174	
175	
176	
177	
178	
179	
180	
181	
182	
183	2.4.1.-:232
184	
185	
186	
187	
188	
189	2.4.1.-:70
190	
191	
192	
193	
194	
195	
196	
197	
198	
199	
200	
201	
202	
203	
204	
205	
206	
207	
208	
209	
210	
211	
212	
213	
214	
215	
216	
217	
218	
219	
220	
221	
222	
223	
224	
225	2.4.1.-:12
226	
227	
228	
229	
230	
231	
232	
233	
234	
235	
236	
237	
238	
239	
240	
241	2.4.1.83:114
242	2.4.1.83:14
243	
244	
245	
246	
247	
248	2.4.1.-:59
249	
250	
