1	2.4.1.44:67, 2.4.1.58:26, 2.4.1.-:20
2	2.4.1.58:166
3	
4	
5	
6	2.4.1.-:70
7	2.4.1.-:59
8	2.4.1.-:89
9	2.4.1.58:204
10	2.4.1.123:389, 2.4.1.-:95
11	2.4.1.-:70
12	
13	
14	2.4.1.-:47
15	
16	
17	
18	2.4.1.186:87
19	
20	2.4.1.-:124
21	2.4.1.-:70
22	
23	
24	
25	
26	
27	
28	
29	
30	
31	2.4.1.-:70
32	
33	2.4.1.-:10
34	2.4.1.186:59
35	
36	
37	2.4.1.-:70
38	2.4.1.-:16
39	2.4.1.186:266
40	
41	
42	
43	
44	
45	2.4.1.-:93
46	
47	
48	2.4.1.-2.4.2:137
49	
50	
51	
52	
53	
54	
55	
56	
57	
58	
59	
60	
61	
62	
63	
64	
65	
66	
67	
68	2.4.1.44:70
69	
70	
71	
72	
73	
74	
75	
76	
77	
78	
79	
80	
81	
82	
83	
84	2.4.2.-:116
85	
86	
87	
88	
89	
90	
91	
92	
93	
