1	
2	3.2.1.39:42, 3.2.1.14:12
3	3.2.1.55:198, 3.2.1.8:201
4	
5	
6	
7	
8	2.4.1.41:1054
9	3.2.1.39:26
10	3.2.1.145:70
11	
12	3.2.1.39:26, 3.2.1.63.2.1:26
13	
14	
15	3.2.1.-:226
16	
17	
18	
19	
20	
21	
22	
23	
24	
25	
26	
27	
28	
29	
30	
31	
32	
33	2.4.1.41:65
34	3.2.1.88:65
35	
36	
37	
38	
39	
40	
41	
42	
43	
44	
45	
46	
47	
48	
49	
50	
51	
52	
53	3.2.1.8:72
54	3.2.1.145:91
55	
56	
57	
58	
59	
60	
61	
62	
63	
64	
65	
66	
67	
68	
69	
70	
71	
72	
73	
74	
75	
76	
77	
78	
79	
80	
81	
82	
83	
84	
85	
86	3.2.1.-:60, 3.2.1.8:30, 3.1.1.73:29
87	
88	
89	3.2.1.81:428
90	2.4.1.41:26
91	
92	
93	
94	
95	
96	
97	
98	
99	
100	
101	
102	
103	
104	
105	
106	
107	
108	
109	
110	
111	
112	
113	
114	
115	
116	
117	
118	
119	
120	
121	2.4.1.41:131
122	
123	
124	
