1	
2	2.4.1.-:167
3	
4	2.4.1.-:43
5	
6	2.4.1.-:323
7	
8	2.4.1.-:12
9	
10	
11	
12	
13	
14	
15	
16	2.4.1.-:70
17	
18	
19	
20	
21	
22	
23	2.4.1.-:31
24	2.4.1.50:111
25	
26	
27	
28	
29	
30	
31	2.4.1.-:62
32	2.4.1.-:66
33	2.4.1.-:44
34	
35	
36	
37	
38	
39	
40	
41	
42	
43	
44	
45	
46	
47	
48	
49	
50	
51	
52	
53	
54	2.4.2.-:70
55	
56	
57	
58	
59	
60	
61	
62	
63	
64	
65	
66	
67	
68	
69	
70	
71	
72	
73	
74	
75	
76	
77	
78	
79	
80	
81	
82	
83	
84	
85	
86	
87	
88	
89	
90	
91	
92	
93	
94	
95	
96	
97	
98	
99	
100	
101	
102	
103	
104	
105	
106	
107	
108	
109	
110	
111	
112	
113	
